0000   ff ff ff ff ff ff c8 60 00 56 cb ec 08 00 45 00
0010   01 23 9d fd 00 00 80 11 19 46 c0 a8 00 37 c0 a8
0020   00 ff d6 83 d6 83 01 0f 0f 4c 00 68 61 64 72 6f
0030   73 61 75 72 65 00 44 01 00 00 80 b3 9f d1 11 00
0040   00 00 00 00 00 00 00 00 00 00 33 27 00 00 00 00
0050   00 00 70 29 96 d9 44 01 00 00 20 28 95 d9 44 01
0060   00 00 f0 08 99 d9 44 01 00 00 00 00 00 00 00 00
0070   00 00 7c 6a 57 62 00 00 00 00 70 a5 14 61 00 00
0080   00 00 b9 b7 9f d1 11 00 00 00 00 00 00 00 00 00
0090   00 00 b0 32 95 d9 44 01 00 00 04 b4 9f d1 11 00
00a0   00 00 20 b4 9f d1 11 00 00 00 08 bb 51 7b 37 37
00b0   35 63 64 65 36 39 2d 30 65 30 66 2d 34 35 65 61
00c0   2d 38 31 34 39 2d 31 39 66 37 36 37 64 66 30 34
00d0   38 30 7d 00 00 00 00 00 00 00 01 00 00 00 00 00
00e0   00 00 00 b4 9f d1 11 00 00 00 00 00 00 00 00 00
00f0   00 00 00 00 00 00 00 00 00 00 00 00 00 00 00 00
0100   00 00 00 00 00 00 00 00 00 00 00 00 00 00 00 00
0110   00 00 00 00 00 00 00 00 00 00 00 00 00 00 00 00
0120   00 00 00 00 00 00 00 00 00 00 00 00 00 d2 1e de
0130   98
